1 0.112869 0.648551 0.073840 0.398551
1 0.370253 0.644928 0.090717 0.304348
1 0.725738 0.661232 0.067511 0.336957
1 0.797468 0.623188 0.067511 0.275362
1 0.959916 0.659420 0.071730 0.326087
1 0.892405 0.599638 0.050633 0.228261
1 0.661392 0.610507 0.048523 0.235507
1 0.611814 0.576087 0.042194 0.181159
1 0.589662 0.570652 0.035865 0.155797
1 0.553797 0.579710 0.044304 0.181159
1 0.484177 0.579710 0.040084 0.181159
1 0.455696 0.594203 0.050633 0.246377
1 0.300633 0.615942 0.056962 0.239130
1 0.186709 0.639493 0.048523 0.250000
1 0.220464 0.559783 0.035865 0.163043
1 0.050633 0.606884 0.050633 0.199275
