1 0.593882 0.623810 0.103376 0.606349
1 0.441983 0.507937 0.090717 0.507937
1 0.242616 0.547619 0.067511 0.365079
1 0.315401 0.525397 0.073840 0.358730
1 0.388186 0.498413 0.067511 0.412698
1 0.224684 0.444444 0.056962 0.304762
1 0.188819 0.358730 0.078059 0.400000
1 0.279536 0.301587 0.065401 0.241270
1 0.335443 0.331746 0.033755 0.238095
1 0.464135 0.265079 0.067511 0.238095
1 0.508439 0.511111 0.059072 0.374603
1 0.623418 0.400000 0.078059 0.355556
1 0.731013 0.236508 0.014768 0.130159
1 0.796414 0.295238 0.031646 0.165079
1 0.848101 0.312698 0.037975 0.168254
1 0.969409 0.347619 0.035865 0.149206
