1 0.160338 0.431746 0.143460 0.539683
1 0.305907 0.369841 0.097046 0.447619
1 0.478903 0.347619 0.101266 0.263492
1 0.668776 0.357143 0.075949 0.263492
1 0.753165 0.309524 0.063291 0.219048
1 0.727848 0.323810 0.050633 0.215873
1 0.800633 0.306349 0.052743 0.161905
1 0.847046 0.336508 0.052743 0.196825
1 0.871308 0.304762 0.042194 0.171429
1 0.930380 0.312698 0.042194 0.180952
1 0.571730 0.300000 0.050633 0.168254
1 0.380802 0.306349 0.065401 0.231746
1 0.447257 0.326984 0.042194 0.241270
1 0.225738 0.379365 0.059072 0.377778
