1 0.101266 0.911392 0.075949 0.120253
1 0.035865 0.930380 0.063291 0.117089
1 0.611814 0.809335 0.084388 0.112342
1 0.698312 0.750000 0.075949 0.132911
1 0.760549 0.734968 0.061181 0.112342
1 0.633966 0.613924 0.082278 0.088608
1 0.914557 0.555380 0.107595 0.145570
1 0.761603 0.504747 0.063291 0.098101
1 0.712025 0.513449 0.065401 0.125000
1 0.661392 0.522152 0.069620 0.085443
1 0.338608 0.671677 0.069620 0.106013
1 0.273207 0.696994 0.069620 0.121835
1 0.205696 0.594937 0.094937 0.126582
1 0.065401 0.681171 0.075949 0.109177
1 0.294304 0.536392 0.073840 0.117089
1 0.259494 0.441456 0.050633 0.094937
1 0.493671 0.426424 0.092827 0.109177
1 0.761603 0.409810 0.075949 0.082278
1 0.813291 0.400316 0.056962 0.107595
1 0.762658 0.327532 0.048523 0.088608
1 0.124473 0.388449 0.046414 0.109177
1 0.092827 0.401108 0.046414 0.099684
1 0.046414 0.385285 0.050633 0.102848
1 0.231013 0.299051 0.078059 0.123418
1 0.280591 0.281646 0.046414 0.126582
1 0.318565 0.231804 0.059072 0.077532
1 0.416667 0.263449 0.056962 0.112342
1 0.474684 0.259494 0.059072 0.101266
1 0.109705 0.182753 0.037975 0.096519
1 0.055907 0.188291 0.035865 0.117089
1 0.664557 0.200949 0.033755 0.091772
1 0.708861 0.249209 0.042194 0.090190
1 0.777426 0.266614 0.035865 0.074367
1 0.778481 0.210443 0.042194 0.104430
1 0.823840 0.224684 0.027426 0.075949
1 0.871308 0.231804 0.037975 0.077532
1 0.918776 0.153481 0.023207 0.101266
1 0.951477 0.146361 0.037975 0.068038
1 0.801688 0.081487 0.054852 0.074367
1 0.555907 0.149525 0.048523 0.068038
1 0.581224 0.137658 0.035865 0.079114
1 0.613924 0.093354 0.042194 0.085443
1 0.650844 0.100475 0.048523 0.068038
1 0.602321 0.044304 0.044304 0.072785
1 0.643460 0.041930 0.033755 0.064873
1 0.546414 0.045095 0.050633 0.080696
1 0.456751 0.055380 0.048523 0.085443
1 0.298523 0.056962 0.056962 0.091772
1 0.360759 0.068829 0.059072 0.109177
1 0.242616 0.041139 0.054852 0.079114
1 0.179325 0.060127 0.059072 0.104430
1 0.106540 0.048259 0.094937 0.093354
1 0.861814 0.043513 0.056962 0.083861
1 0.236287 0.849684 0.067511 0.139241
1 0.319620 0.833861 0.082278 0.126582
