1 0.971519 0.928006 0.044304 0.118671
1 0.891350 0.893196 0.044304 0.106013
1 0.772152 0.866297 0.075949 0.147152
1 0.685654 0.851266 0.063291 0.139241
1 0.366034 0.810127 0.116034 0.136076
1 0.304852 0.750000 0.065401 0.132911
1 0.246835 0.736551 0.067511 0.115506
1 0.088608 0.557753 0.084388 0.137658
1 0.373418 0.619462 0.092827 0.112342
1 0.650844 0.671677 0.094937 0.125000
1 0.740506 0.692247 0.088608 0.121835
1 0.917722 0.678006 0.092827 0.121835
1 0.777426 0.595728 0.078059 0.121835
1 0.708861 0.549051 0.071730 0.098101
1 0.745781 0.425633 0.056962 0.091772
1 0.869198 0.371835 0.050633 0.110759
1 0.908228 0.404272 0.061181 0.112342
1 0.953586 0.390823 0.063291 0.110759
1 0.759494 0.281646 0.033755 0.098101
1 0.731013 0.280063 0.094937 0.136076
1 0.678270 0.220728 0.048523 0.080696
1 0.572785 0.266614 0.061181 0.102848
1 0.525316 0.255538 0.071730 0.093354
1 0.493671 0.421677 0.097046 0.118671
1 0.344937 0.529272 0.073840 0.102848
1 0.298523 0.492880 0.056962 0.083861
1 0.290084 0.522152 0.078059 0.082278
1 0.255274 0.500000 0.067511 0.085443
1 0.182489 0.401108 0.103376 0.106013
1 0.235232 0.414557 0.061181 0.098101
1 0.229958 0.319620 0.050633 0.098101
1 0.291139 0.249209 0.050633 0.096519
1 0.218354 0.228639 0.044304 0.064873
1 0.218354 0.185127 0.031646 0.060127
1 0.184599 0.238924 0.048523 0.098101
1 0.136076 0.227848 0.061181 0.082278
1 0.071730 0.159810 0.059072 0.113924
1 0.198312 0.099684 0.092827 0.094937
1 0.354430 0.092563 0.037975 0.074367
1 0.380802 0.079905 0.031646 0.068038
1 0.407173 0.139241 0.063291 0.066456
1 0.449367 0.141614 0.046414 0.102848
1 0.447257 0.083070 0.042194 0.068038
1 0.459916 0.033228 0.046414 0.060127
1 0.532700 0.051424 0.048523 0.090190
1 0.646624 0.063291 0.056962 0.091772
1 0.704641 0.068038 0.059072 0.107595
1 0.810127 0.063291 0.067511 0.110759
1 0.880802 0.195411 0.056962 0.131329
1 0.933544 0.181171 0.048523 0.115506
1 0.924051 0.068038 0.088608 0.132911
1 0.130802 0.048259 0.075949 0.093354
