1 0.919831 0.541930 0.054852 0.128165
1 0.766878 0.734177 0.065401 0.104430
1 0.695148 0.740506 0.065401 0.101266
1 0.625527 0.817247 0.107595 0.175633
1 0.325949 0.852848 0.078059 0.110759
1 0.237342 0.859177 0.056962 0.113924
1 0.085443 0.905854 0.061181 0.128165
1 0.036920 0.929589 0.052743 0.118671
1 0.066456 0.685918 0.052743 0.137658
1 0.273207 0.689082 0.078059 0.137658
1 0.332278 0.679589 0.061181 0.131329
1 0.194093 0.587816 0.054852 0.134494
1 0.290084 0.537975 0.073840 0.136076
1 0.255274 0.439082 0.054852 0.106013
1 0.123418 0.379747 0.061181 0.117089
1 0.099156 0.392405 0.050633 0.117089
1 0.052743 0.396361 0.071730 0.137658
1 0.502110 0.423259 0.088608 0.137658
1 0.618143 0.597310 0.075949 0.137658
1 0.646624 0.529272 0.065401 0.131329
1 0.709916 0.507120 0.052743 0.140823
1 0.757384 0.492089 0.037975 0.120253
1 0.763713 0.422468 0.059072 0.126582
1 0.817511 0.404272 0.040084 0.106013
1 0.778481 0.346519 0.059072 0.104430
1 0.786920 0.282437 0.063291 0.087025
1 0.862869 0.238924 0.054852 0.101266
1 0.827004 0.224684 0.033755 0.098101
1 0.783755 0.214399 0.052743 0.121835
1 0.712025 0.243671 0.065401 0.075949
1 0.680380 0.184335 0.056962 0.109177
1 0.919831 0.151899 0.033755 0.107595
1 0.950422 0.147943 0.065401 0.112342
1 0.809072 0.107595 0.052743 0.117089
1 0.549578 0.155854 0.027426 0.080696
1 0.593882 0.146361 0.035865 0.102848
1 0.425105 0.270570 0.035865 0.113924
1 0.475738 0.260285 0.086498 0.140823
1 0.293249 0.239715 0.088608 0.175633
1 0.235232 0.271361 0.061181 0.090190
1 0.113924 0.185918 0.063291 0.118671
1 0.064346 0.170095 0.056962 0.109177
1 0.186709 0.077532 0.082278 0.148734
1 0.291139 0.061709 0.067511 0.082278
1 0.359705 0.060127 0.048523 0.098101
1 0.470464 0.054589 0.071730 0.080696
1 0.548523 0.075158 0.050633 0.087025
