1 0.893460 0.886943 0.052743 0.207006
1 0.808017 0.896497 0.059072 0.187898
1 0.803797 0.711783 0.050633 0.168790
1 0.746835 0.648089 0.037975 0.181529
1 0.709916 0.834395 0.056962 0.210191
1 0.664557 0.652866 0.033755 0.152866
1 0.686709 0.627389 0.031646 0.140127
1 0.662447 0.552548 0.033755 0.098726
1 0.608650 0.689490 0.044304 0.156051
1 0.604430 0.584395 0.027426 0.098726
1 0.565401 0.590764 0.016878 0.130573
1 0.528481 0.605096 0.031646 0.133758
1 0.411392 0.856688 0.046414 0.171975
1 0.404008 0.966561 0.048523 0.066879
1 0.355485 0.847134 0.048523 0.203822
1 0.303797 0.882166 0.046414 0.197452
1 0.244726 0.914013 0.059072 0.171975
1 0.150844 0.910828 0.052743 0.178344
1 0.058017 0.953822 0.052743 0.092357
1 0.431435 0.694268 0.040084 0.171975
1 0.446203 0.613057 0.031646 0.130573
1 0.378692 0.636943 0.035865 0.140127
1 0.344937 0.648089 0.027426 0.098726
1 0.327004 0.694268 0.033755 0.133758
1 0.271097 0.745223 0.048523 0.114650
1 0.212025 0.695860 0.035865 0.149682
1 0.259494 0.662420 0.046414 0.127389
1 0.236287 0.613057 0.033755 0.124204
1 0.275316 0.595541 0.031646 0.114650
1 0.327004 0.555732 0.029536 0.098726
1 0.347046 0.525478 0.023207 0.101911
1 0.404008 0.552548 0.040084 0.111465
1 0.580169 0.453822 0.021097 0.098726
1 0.611814 0.445860 0.025316 0.114650
1 0.545359 0.401274 0.023207 0.070064
1 0.571730 0.366242 0.016878 0.050955
1 0.435654 0.482484 0.018987 0.073248
1 0.455696 0.476115 0.021097 0.092357
1 0.475738 0.447452 0.018987 0.085987
1 0.395570 0.461783 0.023207 0.070064
1 0.371308 0.460191 0.025316 0.092357
1 0.330169 0.437898 0.027426 0.085987
1 0.344937 0.398089 0.018987 0.082803
1 0.424051 0.383758 0.016878 0.047771
