1 0.746835 0.588346 0.101266 0.379699
1 0.689873 0.584586 0.050633 0.334586
1 0.635021 0.577068 0.050633 0.319549
1 0.605485 0.565789 0.037975 0.304511
1 0.584388 0.565789 0.050633 0.319549
1 0.549578 0.556391 0.035865 0.293233
1 0.517932 0.573308 0.035865 0.312030
1 0.481013 0.541353 0.042194 0.278195
1 0.445148 0.522556 0.029536 0.233083
1 0.426160 0.516917 0.016878 0.229323
1 0.412447 0.511278 0.023207 0.203008
1 0.396624 0.511278 0.025316 0.248120
1 0.378692 0.522556 0.018987 0.195489
1 0.366034 0.539474 0.023207 0.206767
1 0.349156 0.500000 0.040084 0.195489
