1 0.745781 0.760563 0.331224 0.478873
1 0.427215 0.736620 0.318565 0.526761
1 0.212025 0.735211 0.242616 0.529577
1 0.110759 0.678873 0.191983 0.546479
1 0.936709 0.530986 0.092827 0.414085
1 0.819620 0.485915 0.162447 0.492958
1 0.646624 0.428169 0.116034 0.349296
1 0.595992 0.484507 0.086498 0.360563
1 0.487342 0.470423 0.113924 0.428169
1 0.400844 0.442254 0.088608 0.332394
1 0.318565 0.456338 0.097046 0.304225
1 0.259494 0.495775 0.075949 0.422535
1 0.131857 0.374648 0.069620 0.202817
1 0.052743 0.401408 0.084388 0.273239
