1 0.619198 0.810618 0.107595 0.137876
1 0.687764 0.737718 0.067511 0.131537
1 0.763713 0.727417 0.050633 0.133122
1 0.909283 0.553883 0.101266 0.144216
1 0.339662 0.680666 0.080169 0.125198
1 0.268987 0.695721 0.073840 0.104596
1 0.221519 0.581616 0.063291 0.123613
1 0.296414 0.530111 0.040084 0.106181
1 0.490506 0.424723 0.103376 0.136292
1 0.251055 0.441363 0.080169 0.103011
1 0.060127 0.667987 0.073840 0.118859
1 0.097046 0.915214 0.067511 0.163233
1 0.031646 0.935816 0.054852 0.112520
1 0.240506 0.867670 0.084388 0.147385
1 0.332278 0.854200 0.065401 0.148970
1 0.120253 0.390650 0.059072 0.125198
1 0.089662 0.401743 0.052743 0.137876
1 0.049578 0.393819 0.052743 0.131537
1 0.223629 0.280507 0.063291 0.114105
1 0.280591 0.270998 0.054852 0.120444
1 0.312236 0.227417 0.037975 0.099842
1 0.415612 0.251981 0.084388 0.098257
1 0.489451 0.264659 0.050633 0.136292
1 0.109705 0.181458 0.042194 0.096672
1 0.047468 0.173534 0.052743 0.093502
1 0.761603 0.413629 0.046414 0.104596
1 0.832278 0.416799 0.065401 0.126783
1 0.622363 0.608558 0.054852 0.107765
1 0.638186 0.569731 0.035865 0.103011
1 0.648734 0.521395 0.069620 0.117274
1 0.713080 0.511094 0.050633 0.122029
1 0.774262 0.324881 0.042194 0.117274
1 0.864979 0.237718 0.046414 0.104596
1 0.812236 0.226624 0.025316 0.091918
1 0.774262 0.191759 0.033755 0.069731
1 0.764768 0.234548 0.061181 0.079239
1 0.710970 0.243265 0.046414 0.080824
1 0.663502 0.183043 0.052743 0.087163
1 0.910338 0.151347 0.052743 0.099842
1 0.946203 0.152932 0.056962 0.090333
1 0.796414 0.103011 0.065401 0.114105
1 0.649789 0.095087 0.046414 0.085578
1 0.612869 0.099842 0.048523 0.088748
1 0.571730 0.136292 0.054852 0.085578
1 0.549578 0.148177 0.052743 0.087163
1 0.546414 0.078447 0.046414 0.080824
1 0.524262 0.045959 0.048523 0.088748
1 0.610759 0.038035 0.040084 0.066561
1 0.648734 0.047544 0.044304 0.063391
1 0.453586 0.062599 0.050633 0.099842
1 0.350211 0.053883 0.046414 0.095087
1 0.299578 0.063391 0.071730 0.110935
1 0.197257 0.064184 0.069620 0.122029
